# Blender v2.76 (sub 0) OBJ File: ''
# www.blender.org
mtllib pool.mtl
o Cube.005_Cube.007
v 0.400000 -0.000000 0.400000
v 0.400000 0.200000 0.400000
v 0.400000 -0.000000 0.600000
v 0.400000 0.200000 0.600000
v 0.600000 -0.000000 0.600000
v 0.600000 0.200000 0.600000
v 0.625870 0.032295 0.384564
v 0.619688 0.168074 0.418120
v 0.741231 0.056237 0.308941
v 0.735049 0.192015 0.342497
v 0.704951 0.007985 0.497503
v 0.698769 0.143763 0.531059
v 0.820311 0.031926 0.421880
v 0.814129 0.167705 0.455436
v 0.749051 0.083135 0.295861
v 0.754556 0.170495 0.339928
v 0.784949 0.122390 0.213555
v 0.790455 0.209751 0.257622
v 0.840073 0.062369 0.325657
v 0.845578 0.149729 0.369724
v 0.875971 0.101624 0.243351
v 0.881477 0.188985 0.287418
v 0.783457 0.143178 0.207725
v 0.801356 0.197788 0.245185
v 0.770406 0.184130 0.154259
v 0.788305 0.238740 0.191719
v 0.848382 0.136354 0.186650
v 0.866281 0.190964 0.224110
v 0.835331 0.177306 0.133184
v 0.853230 0.231917 0.170644
v 0.766597 0.198772 0.155019
v 0.790045 0.233436 0.178567
v 0.736663 0.231510 0.136633
v 0.760111 0.266175 0.160181
v 0.795923 0.204473 0.117424
v 0.819372 0.239137 0.140972
v 0.765989 0.237212 0.099038
v 0.789438 0.271876 0.122586
v 0.734314 0.240903 0.140959
v 0.756078 0.264380 0.151206
v 0.708766 0.261780 0.147388
v 0.730530 0.285258 0.157635
v 0.736188 0.252854 0.109597
v 0.757952 0.276331 0.119844
v 0.710640 0.273731 0.116026
v 0.732404 0.297209 0.126273
v 0.708831 0.267350 0.152295
v 0.724711 0.284648 0.153791
v 0.695992 0.277683 0.169088
v 0.711871 0.294982 0.170584
v 0.697142 0.279499 0.135881
v 0.713022 0.296798 0.137377
v 0.684303 0.289833 0.152674
v 0.700182 0.307132 0.154171
v 0.697797 0.280876 0.172768
v 0.707013 0.294339 0.170511
v 0.696712 0.284313 0.188840
v 0.705928 0.297776 0.186583
v 0.684189 0.289720 0.169958
v 0.693406 0.303183 0.167701
v 0.683104 0.293157 0.186030
v 0.692321 0.306620 0.183773
v 0.699110 0.286249 0.190771
v 0.703117 0.296767 0.188271
v 0.704733 0.286499 0.200834
v 0.708740 0.297017 0.198333
v 0.689877 0.290966 0.195814
v 0.693884 0.301484 0.193313
v 0.695499 0.291216 0.205876
v 0.699507 0.301734 0.203375
v 0.706820 0.287866 0.201343
v 0.707817 0.295790 0.200180
v 0.714034 0.287486 0.204941
v 0.715032 0.295410 0.203778
v 0.703342 0.289350 0.208473
v 0.704339 0.297274 0.207310
v 0.710556 0.288970 0.212071
v 0.711554 0.296894 0.210908
v 0.715397 0.288601 0.204668
v 0.715267 0.294242 0.204964
v 0.720992 0.288770 0.203909
v 0.720863 0.294410 0.204204
v 0.716164 0.288326 0.210259
v 0.716035 0.293966 0.210554
v 0.721760 0.288494 0.209499
v 0.721630 0.294134 0.209795
v 0.600000 -0.000000 0.400000
v 0.600000 0.200000 0.400000
v 0.615436 0.032295 0.625870
v 0.581880 0.168074 0.619688
v 0.691059 0.056237 0.741231
v 0.657503 0.192015 0.735049
v 0.502497 0.007985 0.704951
v 0.468941 0.143763 0.698769
v 0.578120 0.031926 0.820311
v 0.544564 0.167705 0.814129
v 0.704139 0.083135 0.749051
v 0.660072 0.170495 0.754556
v 0.786445 0.122390 0.784949
v 0.742378 0.209751 0.790455
v 0.674343 0.062369 0.840073
v 0.630276 0.149729 0.845578
v 0.756649 0.101624 0.875971
v 0.712582 0.188985 0.881477
v 0.792275 0.143178 0.783457
v 0.754815 0.197788 0.801356
v 0.845741 0.184130 0.770406
v 0.808281 0.238740 0.788305
v 0.813350 0.136354 0.848382
v 0.775890 0.190964 0.866281
v 0.866816 0.177306 0.835330
v 0.829356 0.231917 0.853230
v 0.844981 0.198772 0.766597
v 0.821433 0.233436 0.790045
v 0.863367 0.231510 0.736663
v 0.839819 0.266175 0.760111
v 0.882576 0.204473 0.795923
v 0.859028 0.239137 0.819372
v 0.900962 0.237212 0.765989
v 0.877414 0.271876 0.789437
v 0.859041 0.240903 0.734314
v 0.848794 0.264380 0.756078
v 0.852612 0.261780 0.708766
v 0.842365 0.285258 0.730530
v 0.890403 0.252854 0.736188
v 0.880156 0.276331 0.757952
v 0.883974 0.273731 0.710640
v 0.873727 0.297209 0.732404
v 0.847705 0.267350 0.708831
v 0.846209 0.284648 0.724711
v 0.830912 0.277683 0.695991
v 0.829416 0.294982 0.711871
v 0.864119 0.279499 0.697142
v 0.862623 0.296798 0.713022
v 0.847326 0.289833 0.684303
v 0.845829 0.307132 0.700182
v 0.827232 0.280876 0.697797
v 0.829489 0.294339 0.707013
v 0.811160 0.284313 0.696712
v 0.813417 0.297776 0.705928
v 0.830042 0.289720 0.684189
v 0.832299 0.303183 0.693406
v 0.813970 0.293157 0.683104
v 0.816228 0.306620 0.692321
v 0.809229 0.286249 0.699110
v 0.811729 0.296767 0.703117
v 0.799166 0.286499 0.704733
v 0.801667 0.297017 0.708740
v 0.804187 0.290966 0.689876
v 0.806687 0.301484 0.693884
v 0.794124 0.291216 0.695499
v 0.796625 0.301734 0.699507
v 0.798657 0.287866 0.706820
v 0.799820 0.295790 0.707817
v 0.795059 0.287486 0.714034
v 0.796222 0.295410 0.715032
v 0.791527 0.289350 0.703342
v 0.792690 0.297274 0.704339
v 0.787929 0.288970 0.710556
v 0.789092 0.296894 0.711554
v 0.795332 0.288601 0.715397
v 0.795036 0.294242 0.715267
v 0.796091 0.288770 0.720992
v 0.795796 0.294410 0.720863
v 0.789741 0.288326 0.716164
v 0.789446 0.293966 0.716035
v 0.790501 0.288494 0.721759
v 0.790205 0.294134 0.721630
v 0.374130 0.032295 0.615436
v 0.380312 0.168074 0.581880
v 0.258769 0.056237 0.691059
v 0.264951 0.192015 0.657503
v 0.295049 0.007985 0.502497
v 0.301231 0.143763 0.468941
v 0.179689 0.031926 0.578120
v 0.185871 0.167705 0.544564
v 0.250949 0.083135 0.704139
v 0.245444 0.170495 0.660072
v 0.215051 0.122390 0.786445
v 0.209545 0.209751 0.742378
v 0.159927 0.062369 0.674343
v 0.154422 0.149729 0.630276
v 0.124029 0.101624 0.756649
v 0.118523 0.188985 0.712582
v 0.216543 0.143178 0.792275
v 0.198644 0.197788 0.754815
v 0.229594 0.184130 0.845741
v 0.211695 0.238740 0.808281
v 0.151618 0.136354 0.813350
v 0.133719 0.190964 0.775890
v 0.164669 0.177306 0.866816
v 0.146770 0.231917 0.829356
v 0.233403 0.198772 0.844981
v 0.209955 0.233436 0.821433
v 0.263337 0.231510 0.863367
v 0.239889 0.266175 0.839819
v 0.204077 0.204473 0.882576
v 0.180628 0.239137 0.859028
v 0.234011 0.237212 0.900962
v 0.210563 0.271876 0.877414
v 0.265686 0.240903 0.859041
v 0.243922 0.264380 0.848794
v 0.291234 0.261780 0.852612
v 0.269470 0.285258 0.842365
v 0.263812 0.252854 0.890403
v 0.242048 0.276331 0.880156
v 0.289360 0.273731 0.883974
v 0.267596 0.297209 0.873727
v 0.291169 0.267350 0.847705
v 0.275289 0.284648 0.846209
v 0.304009 0.277683 0.830912
v 0.288129 0.294982 0.829416
v 0.302858 0.279499 0.864119
v 0.286978 0.296798 0.862623
v 0.315697 0.289833 0.847326
v 0.299818 0.307132 0.845829
v 0.302203 0.280876 0.827232
v 0.292987 0.294339 0.829489
v 0.303288 0.284313 0.811160
v 0.294072 0.297776 0.813417
v 0.315811 0.289720 0.830042
v 0.306594 0.303183 0.832299
v 0.316896 0.293157 0.813970
v 0.307679 0.306620 0.816227
v 0.300890 0.286249 0.809229
v 0.296883 0.296767 0.811729
v 0.295267 0.286499 0.799166
v 0.291260 0.297017 0.801667
v 0.310123 0.290966 0.804186
v 0.306116 0.301484 0.806687
v 0.304501 0.291216 0.794124
v 0.300493 0.301734 0.796625
v 0.293180 0.287866 0.798657
v 0.292183 0.295790 0.799820
v 0.285966 0.287486 0.795059
v 0.284968 0.295410 0.796222
v 0.296658 0.289350 0.791527
v 0.295661 0.297274 0.792690
v 0.289444 0.288970 0.787929
v 0.288446 0.296894 0.789092
v 0.284603 0.288601 0.795332
v 0.284733 0.294242 0.795036
v 0.279008 0.288770 0.796091
v 0.279137 0.294410 0.795796
v 0.283836 0.288326 0.789741
v 0.283965 0.293966 0.789446
v 0.278241 0.288494 0.790501
v 0.278370 0.294134 0.790205
v 0.384564 0.032295 0.374130
v 0.418120 0.168074 0.380312
v 0.308941 0.056237 0.258769
v 0.342497 0.192015 0.264951
v 0.497503 0.007985 0.295049
v 0.531059 0.143763 0.301231
v 0.421880 0.031926 0.179689
v 0.455436 0.167705 0.185871
v 0.295861 0.083135 0.250949
v 0.339928 0.170495 0.245444
v 0.213555 0.122390 0.215051
v 0.257622 0.209751 0.209545
v 0.325657 0.062369 0.159927
v 0.369724 0.149729 0.154422
v 0.243351 0.101624 0.124029
v 0.287418 0.188985 0.118523
v 0.207725 0.143178 0.216543
v 0.245185 0.197788 0.198644
v 0.154259 0.184130 0.229594
v 0.191719 0.238740 0.211695
v 0.186650 0.136354 0.151618
v 0.224110 0.190964 0.133719
v 0.133184 0.177306 0.164669
v 0.170644 0.231917 0.146770
v 0.155019 0.198772 0.233403
v 0.178567 0.233436 0.209955
v 0.136633 0.231510 0.263337
v 0.160181 0.266175 0.239889
v 0.117424 0.204473 0.204077
v 0.140972 0.239137 0.180628
v 0.099038 0.237212 0.234011
v 0.122586 0.271876 0.210562
v 0.140959 0.240903 0.265686
v 0.151206 0.264380 0.243922
v 0.147388 0.261780 0.291234
v 0.157635 0.285258 0.269470
v 0.109597 0.252854 0.263812
v 0.119844 0.276331 0.242048
v 0.116026 0.273731 0.289360
v 0.126273 0.297209 0.267596
v 0.152295 0.267350 0.291169
v 0.153791 0.284648 0.275289
v 0.169088 0.277683 0.304009
v 0.170584 0.294982 0.288129
v 0.135881 0.279499 0.302858
v 0.137377 0.296798 0.286978
v 0.152674 0.289833 0.315697
v 0.154171 0.307132 0.299818
v 0.172768 0.280876 0.302203
v 0.170511 0.294339 0.292986
v 0.188840 0.284313 0.303288
v 0.186583 0.297776 0.294072
v 0.169958 0.289720 0.315811
v 0.167701 0.303183 0.306594
v 0.186030 0.293157 0.316896
v 0.183773 0.306620 0.307679
v 0.190771 0.286249 0.300890
v 0.188271 0.296767 0.296882
v 0.200834 0.286499 0.295267
v 0.198333 0.297017 0.291260
v 0.195814 0.290966 0.310123
v 0.193313 0.301484 0.306116
v 0.205876 0.291216 0.304501
v 0.203375 0.301734 0.300493
v 0.201343 0.287866 0.293180
v 0.200180 0.295790 0.292183
v 0.204941 0.287486 0.285966
v 0.203778 0.295410 0.284968
v 0.208473 0.289350 0.296658
v 0.207310 0.297274 0.295661
v 0.212071 0.288970 0.289444
v 0.210908 0.296894 0.288446
v 0.204668 0.288601 0.284603
v 0.204964 0.294242 0.284733
v 0.203909 0.288770 0.279008
v 0.204204 0.294410 0.279137
v 0.210259 0.288326 0.283836
v 0.210554 0.293966 0.283965
v 0.209499 0.288494 0.278240
v 0.209795 0.294134 0.278370
vt 0.000000 0.000000
vt 1.000000 0.000000
vt 1.000000 1.000000
vt 0.000000 1.000000
vn 0.000000 0.000000 1.000000
vn -1.000000 0.000000 0.000000
vn -0.564900 0.173600 -0.806700
vn 0.824000 0.171000 -0.540200
vn 0.564900 -0.173600 0.806700
vn -0.824000 -0.171000 0.540200
vn 0.044200 -0.969800 -0.239700
vn -0.044200 0.969800 0.239700
vn -0.928800 0.211900 -0.304000
vn 0.366300 0.400600 -0.839900
vn 0.928800 -0.211900 0.304000
vn -0.366300 -0.400600 0.839900
vn -0.056200 -0.891400 -0.449700
vn 0.056200 0.891400 0.449700
vn -0.946400 0.099500 0.307200
vn -0.190300 0.597000 -0.779400
vn 0.946400 -0.099500 -0.307200
vn 0.190300 -0.597000 0.779400
vn -0.260900 -0.796100 -0.546100
vn 0.260900 0.796100 0.546100
vn -0.610700 -0.118700 0.782900
vn -0.623400 0.681800 -0.382900
vn 0.610700 0.118700 -0.782900
vn 0.623400 -0.681800 0.382900
vn -0.488300 -0.721900 -0.490400
vn 0.488300 0.721900 0.490400
vn -0.055800 -0.355500 0.933000
vn -0.760000 0.621100 0.191300
vn 0.055800 0.355500 -0.933000
vn 0.760000 -0.621100 -0.191300
vn -0.647500 -0.698500 -0.304800
vn 0.647500 0.698500 0.304800
vn 0.496800 -0.516400 0.697600
vn -0.545700 0.439200 0.713700
vn -0.496800 0.516400 -0.697600
vn 0.545700 -0.439200 -0.713700
vn -0.674900 -0.735200 -0.063600
vn 0.674900 0.735200 0.063600
vn 0.826200 -0.537000 0.170600
vn -0.065900 0.208700 0.975800
vn -0.826200 0.537000 -0.170600
vn 0.065900 -0.208700 -0.975800
vn -0.559600 -0.817400 0.137000
vn 0.559600 0.817400 -0.137000
vn 0.800900 -0.409100 -0.437300
vn 0.487700 0.021700 0.872800
vn -0.800900 0.409100 0.437300
vn -0.487700 -0.021700 -0.872800
vn -0.347600 -0.912200 0.216900
vn 0.347600 0.912200 -0.216900
vn 0.430900 -0.183900 -0.883400
vn 0.893900 -0.047100 0.445800
vn -0.430900 0.183900 0.883400
vn -0.893900 0.047100 -0.445800
vn -0.123600 -0.981800 0.144100
vn 0.123600 0.981800 -0.144100
vn -0.135800 0.048800 -0.989500
vn 0.990500 0.029700 -0.134500
vn 0.135800 -0.048800 0.989500
vn -0.990500 -0.029700 0.134500
vn 0.022900 -0.998400 -0.052300
vn -0.022900 0.998400 0.052300
vn 0.806700 0.173600 -0.564900
vn 0.540200 0.171000 0.824000
vn -0.806700 -0.173600 0.564900
vn -0.540200 -0.171000 -0.824000
vn 0.239700 -0.969800 0.044200
vn -0.239700 0.969800 -0.044200
vn 0.304000 0.211900 -0.928800
vn 0.839900 0.400600 0.366300
vn -0.304000 -0.211900 0.928800
vn -0.839900 -0.400600 -0.366300
vn 0.449700 -0.891400 -0.056200
vn -0.449700 0.891400 0.056200
vn -0.307200 0.099500 -0.946400
vn 0.779400 0.597000 -0.190300
vn 0.307200 -0.099500 0.946400
vn -0.779400 -0.597000 0.190300
vn 0.546100 -0.796100 -0.260900
vn -0.546100 0.796100 0.260900
vn -0.782900 -0.118700 -0.610700
vn 0.382900 0.681800 -0.623400
vn 0.782900 0.118700 0.610700
vn -0.382900 -0.681800 0.623400
vn 0.490400 -0.721900 -0.488300
vn -0.490400 0.721900 0.488300
vn -0.933000 -0.355500 -0.055800
vn -0.191300 0.621100 -0.760000
vn 0.933000 0.355500 0.055800
vn 0.191300 -0.621100 0.760000
vn 0.304800 -0.698500 -0.647500
vn -0.304800 0.698500 0.647500
vn -0.697600 -0.516400 0.496800
vn -0.713700 0.439200 -0.545700
vn 0.697600 0.516400 -0.496800
vn 0.713700 -0.439200 0.545700
vn 0.063600 -0.735200 -0.674900
vn -0.063600 0.735200 0.674900
vn -0.170600 -0.537000 0.826200
vn -0.975800 0.208700 -0.065900
vn 0.170600 0.537000 -0.826200
vn 0.975800 -0.208700 0.065900
vn -0.137000 -0.817400 -0.559600
vn 0.137000 0.817400 0.559600
vn 0.437300 -0.409100 0.800900
vn -0.872800 0.021700 0.487700
vn -0.437300 0.409100 -0.800900
vn 0.872800 -0.021700 -0.487700
vn -0.216900 -0.912200 -0.347600
vn 0.216900 0.912200 0.347600
vn 0.883400 -0.183900 0.430900
vn -0.445800 -0.047100 0.893900
vn -0.883400 0.183900 -0.430900
vn 0.445800 0.047100 -0.893900
vn -0.144100 -0.981800 -0.123600
vn 0.144100 0.981800 0.123600
vn 0.989500 0.048800 -0.135800
vn 0.134500 0.029700 0.990500
vn -0.989500 -0.048800 0.135800
vn -0.134500 -0.029800 -0.990500
vn 0.052300 -0.998400 0.022900
vn -0.052300 0.998400 -0.022900
vn 0.564900 0.173600 0.806700
vn -0.824000 0.171000 0.540200
vn -0.564900 -0.173600 -0.806700
vn 0.824000 -0.171000 -0.540200
vn -0.044200 -0.969800 0.239700
vn 0.044200 0.969800 -0.239700
vn 0.928800 0.211900 0.304000
vn -0.366300 0.400600 0.839900
vn -0.928800 -0.211900 -0.304000
vn 0.366300 -0.400600 -0.839900
vn 0.056200 -0.891400 0.449700
vn -0.056200 0.891400 -0.449700
vn 0.946400 0.099500 -0.307200
vn 0.190300 0.597000 0.779400
vn -0.946400 -0.099500 0.307200
vn -0.190300 -0.597000 -0.779400
vn 0.260900 -0.796100 0.546100
vn -0.260900 0.796100 -0.546100
vn 0.610700 -0.118700 -0.782900
vn 0.623400 0.681800 0.382900
vn -0.610700 0.118700 0.782900
vn -0.623400 -0.681800 -0.382900
vn 0.488300 -0.721900 0.490400
vn -0.488300 0.721900 -0.490400
vn 0.055800 -0.355500 -0.933000
vn 0.760000 0.621100 -0.191300
vn -0.055800 0.355500 0.933000
vn -0.760000 -0.621100 0.191300
vn 0.647500 -0.698500 0.304800
vn -0.647500 0.698500 -0.304800
vn -0.496800 -0.516400 -0.697600
vn 0.545700 0.439200 -0.713700
vn 0.496800 0.516400 0.697600
vn -0.545700 -0.439200 0.713700
vn 0.674900 -0.735200 0.063600
vn -0.674900 0.735200 -0.063600
vn -0.826200 -0.537000 -0.170600
vn 0.065900 0.208700 -0.975800
vn 0.826200 0.537000 0.170600
vn -0.065900 -0.208700 0.975800
vn 0.559600 -0.817400 -0.137000
vn -0.559600 0.817400 0.137000
vn -0.800900 -0.409100 0.437300
vn -0.487700 0.021700 -0.872800
vn 0.800900 0.409100 -0.437300
vn 0.487700 -0.021700 0.872800
vn 0.347600 -0.912200 -0.216900
vn -0.347600 0.912200 0.216900
vn -0.430900 -0.183900 0.883400
vn -0.893900 -0.047100 -0.445800
vn 0.430900 0.183900 -0.883400
vn 0.893900 0.047100 0.445800
vn 0.123600 -0.981800 -0.144100
vn -0.123600 0.981800 0.144100
vn 0.135800 0.048800 0.989500
vn -0.990500 0.029700 0.134500
vn -0.135800 -0.048800 -0.989500
vn 0.990500 -0.029800 -0.134500
vn -0.022900 -0.998400 0.052300
vn 0.022900 0.998400 -0.052300
vn -0.806700 0.173600 0.564900
vn -0.540200 0.171000 -0.824000
vn 0.806700 -0.173600 -0.564900
vn 0.540200 -0.171000 0.824000
vn -0.239700 -0.969800 -0.044200
vn 0.239700 0.969800 0.044200
vn -0.304000 0.211900 0.928800
vn -0.839900 0.400600 -0.366300
vn 0.304000 -0.211900 -0.928800
vn 0.839900 -0.400600 0.366300
vn -0.449700 -0.891400 0.056200
vn 0.449700 0.891400 -0.056200
vn 0.307200 0.099500 0.946400
vn -0.779400 0.597000 0.190300
vn -0.307200 -0.099500 -0.946400
vn 0.779400 -0.597000 -0.190300
vn -0.546100 -0.796100 0.260900
vn 0.546100 0.796100 -0.260900
vn 0.782900 -0.118700 0.610700
vn -0.382900 0.681800 0.623400
vn -0.782900 0.118700 -0.610700
vn 0.382900 -0.681800 -0.623400
vn -0.490400 -0.721900 0.488300
vn 0.490400 0.721900 -0.488300
vn 0.933000 -0.355500 0.055800
vn 0.191300 0.621100 0.760000
vn -0.933000 0.355500 -0.055800
vn -0.191300 -0.621100 -0.760000
vn -0.304800 -0.698500 0.647500
vn 0.304800 0.698500 -0.647500
vn 0.697600 -0.516400 -0.496800
vn 0.713700 0.439200 0.545700
vn -0.697600 0.516400 0.496800
vn -0.713700 -0.439200 -0.545700
vn -0.063600 -0.735200 0.674900
vn 0.063600 0.735200 -0.674900
vn 0.170600 -0.537000 -0.826200
vn 0.975800 0.208700 0.065900
vn -0.170600 0.537000 0.826200
vn -0.975800 -0.208700 -0.065900
vn 0.137000 -0.817400 0.559600
vn -0.137000 0.817400 -0.559600
vn -0.437300 -0.409100 -0.800900
vn 0.872800 0.021700 -0.487700
vn 0.437300 0.409100 0.800900
vn -0.872800 -0.021700 0.487700
vn 0.216900 -0.912200 0.347600
vn -0.216900 0.912200 -0.347600
vn -0.883400 -0.183900 -0.430900
vn 0.445800 -0.047100 -0.893900
vn 0.883400 0.183900 0.430900
vn -0.445800 0.047100 0.893900
vn 0.144100 -0.981800 0.123600
vn -0.144100 0.981800 -0.123600
vn -0.989500 0.048800 0.135800
vn -0.134500 0.029800 -0.990500
vn 0.989500 -0.048800 -0.135800
vn 0.134500 -0.029700 0.990500
vn -0.052300 -0.998400 -0.022900
vn 0.052300 0.998400 0.022900
vn -0.000000 0.000000 -1.000000
vn 1.000000 0.000000 0.000000
vn 0.000000 1.000000 0.000000
usemtl None
s off
f 6/1/1 4/2/1 3/3/1 5/4/1
f 4/1/2 2/2/2 1/3/2 3/4/2
f 8/1/3 10/2/3 9/3/3 7/4/3
f 10/1/4 14/2/4 13/3/4 9/4/4
f 14/1/5 12/2/5 11/3/5 13/4/5
f 12/1/6 8/2/6 7/3/6 11/4/6
f 7/1/7 9/2/7 13/3/7 11/4/7
f 12/1/8 14/2/8 10/3/8 8/4/8
f 16/1/9 18/2/9 17/3/9 15/4/9
f 18/1/10 22/2/10 21/3/10 17/4/10
f 22/1/11 20/2/11 19/3/11 21/4/11
f 20/1/12 16/2/12 15/3/12 19/4/12
f 15/1/13 17/2/13 21/3/13 19/4/13
f 20/1/14 22/2/14 18/3/14 16/4/14
f 24/1/15 26/2/15 25/3/15 23/4/15
f 26/1/16 30/2/16 29/3/16 25/4/16
f 30/1/17 28/2/17 27/3/17 29/4/17
f 28/1/18 24/2/18 23/3/18 27/4/18
f 23/1/19 25/2/19 29/3/19 27/4/19
f 28/1/20 30/2/20 26/3/20 24/4/20
f 32/1/21 34/2/21 33/3/21 31/4/21
f 34/1/22 38/2/22 37/3/22 33/4/22
f 38/1/23 36/2/23 35/3/23 37/4/23
f 36/1/24 32/2/24 31/3/24 35/4/24
f 31/1/25 33/2/25 37/3/25 35/4/25
f 36/1/26 38/2/26 34/3/26 32/4/26
f 40/1/27 42/2/27 41/3/27 39/4/27
f 42/1/28 46/2/28 45/3/28 41/4/28
f 46/1/29 44/2/29 43/3/29 45/4/29
f 44/1/30 40/2/30 39/3/30 43/4/30
f 39/1/31 41/2/31 45/3/31 43/4/31
f 44/1/32 46/2/32 42/3/32 40/4/32
f 48/1/33 50/2/33 49/3/33 47/4/33
f 50/1/34 54/2/34 53/3/34 49/4/34
f 54/1/35 52/2/35 51/3/35 53/4/35
f 52/1/36 48/2/36 47/3/36 51/4/36
f 47/1/37 49/2/37 53/3/37 51/4/37
f 52/1/38 54/2/38 50/3/38 48/4/38
f 56/1/39 58/2/39 57/3/39 55/4/39
f 58/1/40 62/2/40 61/3/40 57/4/40
f 62/1/41 60/2/41 59/3/41 61/4/41
f 60/1/42 56/2/42 55/3/42 59/4/42
f 55/1/43 57/2/43 61/3/43 59/4/43
f 60/1/44 62/2/44 58/3/44 56/4/44
f 64/1/45 66/2/45 65/3/45 63/4/45
f 66/1/46 70/2/46 69/3/46 65/4/46
f 70/1/47 68/2/47 67/3/47 69/4/47
f 68/1/48 64/2/48 63/3/48 67/4/48
f 63/1/49 65/2/49 69/3/49 67/4/49
f 68/1/50 70/2/50 66/3/50 64/4/50
f 72/1/51 74/2/51 73/3/51 71/4/51
f 74/1/52 78/2/52 77/3/52 73/4/52
f 78/1/53 76/2/53 75/3/53 77/4/53
f 76/1/54 72/2/54 71/3/54 75/4/54
f 71/1/55 73/2/55 77/3/55 75/4/55
f 76/1/56 78/2/56 74/3/56 72/4/56
f 80/1/57 82/2/57 81/3/57 79/4/57
f 82/1/58 86/2/58 85/3/58 81/4/58
f 86/1/59 84/2/59 83/3/59 85/4/59
f 84/1/60 80/2/60 79/3/60 83/4/60
f 79/1/61 81/2/61 85/3/61 83/4/61
f 84/1/62 86/2/62 82/3/62 80/4/62
f 90/1/63 92/2/63 91/3/63 89/4/63
f 92/1/64 96/2/64 95/3/64 91/4/64
f 96/1/65 94/2/65 93/3/65 95/4/65
f 94/1/66 90/2/66 89/3/66 93/4/66
f 89/1/67 91/2/67 95/3/67 93/4/67
f 94/1/68 96/2/68 92/3/68 90/4/68
f 98/1/69 100/2/69 99/3/69 97/4/69
f 100/1/70 104/2/70 103/3/70 99/4/70
f 104/1/71 102/2/71 101/3/71 103/4/71
f 102/1/72 98/2/72 97/3/72 101/4/72
f 97/1/73 99/2/73 103/3/73 101/4/73
f 102/1/74 104/2/74 100/3/74 98/4/74
f 106/1/75 108/2/75 107/3/75 105/4/75
f 108/1/76 112/2/76 111/3/76 107/4/76
f 112/1/77 110/2/77 109/3/77 111/4/77
f 110/1/78 106/2/78 105/3/78 109/4/78
f 105/1/79 107/2/79 111/3/79 109/4/79
f 110/1/80 112/2/80 108/3/80 106/4/80
f 114/1/81 116/2/81 115/3/81 113/4/81
f 116/1/82 120/2/82 119/3/82 115/4/82
f 120/1/83 118/2/83 117/3/83 119/4/83
f 118/1/84 114/2/84 113/3/84 117/4/84
f 113/1/85 115/2/85 119/3/85 117/4/85
f 118/1/86 120/2/86 116/3/86 114/4/86
f 122/1/87 124/2/87 123/3/87 121/4/87
f 124/1/88 128/2/88 127/3/88 123/4/88
f 128/1/89 126/2/89 125/3/89 127/4/89
f 126/1/90 122/2/90 121/3/90 125/4/90
f 121/1/91 123/2/91 127/3/91 125/4/91
f 126/1/92 128/2/92 124/3/92 122/4/92
f 130/1/93 132/2/93 131/3/93 129/4/93
f 132/1/94 136/2/94 135/3/94 131/4/94
f 136/1/95 134/2/95 133/3/95 135/4/95
f 134/1/96 130/2/96 129/3/96 133/4/96
f 129/1/97 131/2/97 135/3/97 133/4/97
f 134/1/98 136/2/98 132/3/98 130/4/98
f 138/1/99 140/2/99 139/3/99 137/4/99
f 140/1/100 144/2/100 143/3/100 139/4/100
f 144/1/101 142/2/101 141/3/101 143/4/101
f 142/1/102 138/2/102 137/3/102 141/4/102
f 137/1/103 139/2/103 143/3/103 141/4/103
f 142/1/104 144/2/104 140/3/104 138/4/104
f 146/1/105 148/2/105 147/3/105 145/4/105
f 148/1/106 152/2/106 151/3/106 147/4/106
f 152/1/107 150/2/107 149/3/107 151/4/107
f 150/1/108 146/2/108 145/3/108 149/4/108
f 145/1/109 147/2/109 151/3/109 149/4/109
f 150/1/110 152/2/110 148/3/110 146/4/110
f 154/1/111 156/2/111 155/3/111 153/4/111
f 156/1/112 160/2/112 159/3/112 155/4/112
f 160/1/113 158/2/113 157/3/113 159/4/113
f 158/1/114 154/2/114 153/3/114 157/4/114
f 153/1/115 155/2/115 159/3/115 157/4/115
f 158/1/116 160/2/116 156/3/116 154/4/116
f 162/1/117 164/2/117 163/3/117 161/4/117
f 164/1/118 168/2/118 167/3/118 163/4/118
f 168/1/119 166/2/119 165/3/119 167/4/119
f 166/1/120 162/2/120 161/3/120 165/4/120
f 161/1/121 163/2/121 167/3/121 165/4/121
f 166/1/122 168/2/122 164/3/122 162/4/122
f 170/1/123 172/2/123 171/3/123 169/4/123
f 172/1/124 176/2/124 175/3/124 171/4/124
f 176/1/125 174/2/125 173/3/125 175/4/125
f 174/1/126 170/2/126 169/3/126 173/4/126
f 169/1/127 171/2/127 175/3/127 173/4/127
f 174/1/128 176/2/128 172/3/128 170/4/128
f 178/1/129 180/2/129 179/3/129 177/4/129
f 180/1/130 184/2/130 183/3/130 179/4/130
f 184/1/131 182/2/131 181/3/131 183/4/131
f 182/1/132 178/2/132 177/3/132 181/4/132
f 177/1/133 179/2/133 183/3/133 181/4/133
f 182/1/134 184/2/134 180/3/134 178/4/134
f 186/1/135 188/2/135 187/3/135 185/4/135
f 188/1/136 192/2/136 191/3/136 187/4/136
f 192/1/137 190/2/137 189/3/137 191/4/137
f 190/1/138 186/2/138 185/3/138 189/4/138
f 185/1/139 187/2/139 191/3/139 189/4/139
f 190/1/140 192/2/140 188/3/140 186/4/140
f 194/1/141 196/2/141 195/3/141 193/4/141
f 196/1/142 200/2/142 199/3/142 195/4/142
f 200/1/143 198/2/143 197/3/143 199/4/143
f 198/1/144 194/2/144 193/3/144 197/4/144
f 193/1/145 195/2/145 199/3/145 197/4/145
f 198/1/146 200/2/146 196/3/146 194/4/146
f 202/1/147 204/2/147 203/3/147 201/4/147
f 204/1/148 208/2/148 207/3/148 203/4/148
f 208/1/149 206/2/149 205/3/149 207/4/149
f 206/1/150 202/2/150 201/3/150 205/4/150
f 201/1/151 203/2/151 207/3/151 205/4/151
f 206/1/152 208/2/152 204/3/152 202/4/152
f 210/1/153 212/2/153 211/3/153 209/4/153
f 212/1/154 216/2/154 215/3/154 211/4/154
f 216/1/155 214/2/155 213/3/155 215/4/155
f 214/1/156 210/2/156 209/3/156 213/4/156
f 209/1/157 211/2/157 215/3/157 213/4/157
f 214/1/158 216/2/158 212/3/158 210/4/158
f 218/1/159 220/2/159 219/3/159 217/4/159
f 220/1/160 224/2/160 223/3/160 219/4/160
f 224/1/161 222/2/161 221/3/161 223/4/161
f 222/1/162 218/2/162 217/3/162 221/4/162
f 217/1/163 219/2/163 223/3/163 221/4/163
f 222/1/164 224/2/164 220/3/164 218/4/164
f 226/1/165 228/2/165 227/3/165 225/4/165
f 228/1/166 232/2/166 231/3/166 227/4/166
f 232/1/167 230/2/167 229/3/167 231/4/167
f 230/1/168 226/2/168 225/3/168 229/4/168
f 225/1/169 227/2/169 231/3/169 229/4/169
f 230/1/170 232/2/170 228/3/170 226/4/170
f 234/1/171 236/2/171 235/3/171 233/4/171
f 236/1/172 240/2/172 239/3/172 235/4/172
f 240/1/173 238/2/173 237/3/173 239/4/173
f 238/1/174 234/2/174 233/3/174 237/4/174
f 233/1/175 235/2/175 239/3/175 237/4/175
f 238/1/176 240/2/176 236/3/176 234/4/176
f 242/1/177 244/2/177 243/3/177 241/4/177
f 244/1/178 248/2/178 247/3/178 243/4/178
f 248/1/179 246/2/179 245/3/179 247/4/179
f 246/1/180 242/2/180 241/3/180 245/4/180
f 241/1/181 243/2/181 247/3/181 245/4/181
f 246/1/182 248/2/182 244/3/182 242/4/182
f 250/1/183 252/2/183 251/3/183 249/4/183
f 252/1/184 256/2/184 255/3/184 251/4/184
f 256/1/185 254/2/185 253/3/185 255/4/185
f 254/1/186 250/2/186 249/3/186 253/4/186
f 249/1/187 251/2/187 255/3/187 253/4/187
f 254/1/188 256/2/188 252/3/188 250/4/188
f 258/1/189 260/2/189 259/3/189 257/4/189
f 260/1/190 264/2/190 263/3/190 259/4/190
f 264/1/191 262/2/191 261/3/191 263/4/191
f 262/1/192 258/2/192 257/3/192 261/4/192
f 257/1/193 259/2/193 263/3/193 261/4/193
f 262/1/194 264/2/194 260/3/194 258/4/194
f 266/1/195 268/2/195 267/3/195 265/4/195
f 268/1/196 272/2/196 271/3/196 267/4/196
f 272/1/197 270/2/197 269/3/197 271/4/197
f 270/1/198 266/2/198 265/3/198 269/4/198
f 265/1/199 267/2/199 271/3/199 269/4/199
f 270/1/200 272/2/200 268/3/200 266/4/200
f 274/1/201 276/2/201 275/3/201 273/4/201
f 276/1/202 280/2/202 279/3/202 275/4/202
f 280/1/203 278/2/203 277/3/203 279/4/203
f 278/1/204 274/2/204 273/3/204 277/4/204
f 273/1/205 275/2/205 279/3/205 277/4/205
f 278/1/206 280/2/206 276/3/206 274/4/206
f 282/1/207 284/2/207 283/3/207 281/4/207
f 284/1/208 288/2/208 287/3/208 283/4/208
f 288/1/209 286/2/209 285/3/209 287/4/209
f 286/1/210 282/2/210 281/3/210 285/4/210
f 281/1/211 283/2/211 287/3/211 285/4/211
f 286/1/212 288/2/212 284/3/212 282/4/212
f 290/1/213 292/2/213 291/3/213 289/4/213
f 292/1/214 296/2/214 295/3/214 291/4/214
f 296/1/215 294/2/215 293/3/215 295/4/215
f 294/1/216 290/2/216 289/3/216 293/4/216
f 289/1/217 291/2/217 295/3/217 293/4/217
f 294/1/218 296/2/218 292/3/218 290/4/218
f 298/1/219 300/2/219 299/3/219 297/4/219
f 300/1/220 304/2/220 303/3/220 299/4/220
f 304/1/221 302/2/221 301/3/221 303/4/221
f 302/1/222 298/2/222 297/3/222 301/4/222
f 297/1/223 299/2/223 303/3/223 301/4/223
f 302/1/224 304/2/224 300/3/224 298/4/224
f 306/1/225 308/2/225 307/3/225 305/4/225
f 308/1/226 312/2/226 311/3/226 307/4/226
f 312/1/227 310/2/227 309/3/227 311/4/227
f 310/1/228 306/2/228 305/3/228 309/4/228
f 305/1/229 307/2/229 311/3/229 309/4/229
f 310/1/230 312/2/230 308/3/230 306/4/230
f 314/1/231 316/2/231 315/3/231 313/4/231
f 316/1/232 320/2/232 319/3/232 315/4/232
f 320/1/233 318/2/233 317/3/233 319/4/233
f 318/1/234 314/2/234 313/3/234 317/4/234
f 313/1/235 315/2/235 319/3/235 317/4/235
f 318/1/236 320/2/236 316/3/236 314/4/236
f 322/1/237 324/2/237 323/3/237 321/4/237
f 324/1/238 328/2/238 327/3/238 323/4/238
f 328/1/239 326/2/239 325/3/239 327/4/239
f 326/1/240 322/2/240 321/3/240 325/4/240
f 321/1/241 323/2/241 327/3/241 325/4/241
f 326/1/242 328/2/242 324/3/242 322/4/242
f 2/1/243 88/2/243 87/3/243 1/4/243
f 88/1/244 6/2/244 5/3/244 87/4/244
f 4/1/245 6/2/245 88/3/245 2/4/245
o Cube.003
v 0.062000 -0.000000 0.062000
v 0.938000 -0.000000 0.062000
v 0.938000 -0.000000 0.938000
v 0.938000 0.020000 0.062000
v 0.062000 0.020000 0.062000
v 0.062000 0.020000 0.938000
v 0.062000 -0.000000 0.938000
v 0.938000 0.020000 0.938000
vt 0.000100 0.500100
vt 0.499900 0.500100
vt 0.499900 0.999900
vt 0.499900 0.499900
vt 0.000100 0.499900
vt 0.000100 0.000100
vt 0.000100 0.999900
vt 0.499900 0.000100
vn 0.000000 -1.000000 -0.000000
vn 0.000000 1.000000 0.000000
usemtl None_pool.001
s 1
f 329/5/246 330/6/246 331/7/246
f 332/8/247 333/9/247 334/10/247
f 335/11/246 329/5/246 331/7/246
f 336/12/247 332/8/247 334/10/247
o Cube.001
v 1.000000 -0.000000 0.562500
v 1.000000 -0.000000 0.500000
v 1.000000 0.500000 0.562500
v 0.437500 -0.000000 1.000000
v 0.500000 -0.000000 1.000000
v 0.437500 0.500000 1.000000
v 0.000000 0.500000 0.625000
v 0.000000 -0.000000 0.625000
v 0.000000 -0.000000 0.687500
v 0.437500 0.500000 0.000000
v 0.500000 0.500000 0.000000
v 0.437500 0.000000 0.000000
v 0.937500 0.500000 0.687500
v 1.000000 0.500000 0.625000
v 0.937500 0.500000 0.625000
v 0.375000 0.500000 0.937500
v 0.375000 0.500000 1.000000
v 0.062500 -0.000000 0.625000
v 0.000000 -0.000000 0.562500
v 0.062500 0.500000 0.187500
v 0.062500 0.500000 0.125000
v 0.000000 0.500000 0.187500
v 0.937500 0.500000 0.062500
v 0.875000 0.500000 0.000000
v 0.875000 0.500000 0.062500
v 0.937500 -0.000000 0.312500
v 1.000000 -0.000000 0.312500
v 1.000000 -0.000000 0.375000
v 0.687500 -0.000000 0.937500
v 0.750000 -0.000000 0.937500
v 0.687500 -0.000000 1.000000
v 0.062500 0.500000 0.750000
v 0.062500 -0.000000 0.750000
v 0.062500 -0.000000 0.687500
v 0.625000 0.500000 0.062500
v 0.562500 0.500000 0.062500
v 0.625000 -0.000000 0.062500
v 0.937500 0.500000 0.562500
v 0.937500 -0.000000 0.562500
v 0.937500 -0.000000 0.625000
v 0.750000 0.500000 0.937500
v 0.687500 0.500000 0.937500
v 0.750000 -0.000000 0.062500
v 0.750000 0.000000 0.000000
v 0.812500 0.000000 0.000000
v 1.000000 -0.000000 0.062500
v 1.000000 0.000000 0.000000
v 1.000000 0.500000 0.000000
v 1.000000 0.500000 0.062500
v 1.000000 0.500000 0.125000
v 1.000000 0.500000 0.187500
v 1.000000 -0.000000 0.187500
v 1.000000 0.500000 0.250000
v 1.000000 0.500000 0.312500
v 1.000000 0.500000 0.375000
v 1.000000 0.500000 0.437500
v 1.000000 -0.000000 0.437500
v 1.000000 0.500000 0.500000
v 1.000000 0.500000 0.687500
v 1.000000 -0.000000 0.687500
v 1.000000 0.500000 0.750000
v 1.000000 0.500000 0.812500
v 1.000000 -0.000000 0.812500
v 1.000000 0.500000 0.875000
v 1.000000 0.500000 0.937500
v 1.000000 -0.000000 0.937500
v 1.000000 0.500000 1.000000
v 1.000000 -0.000000 1.000000
v 1.000000 -0.000000 0.875000
v 1.000000 -0.000000 0.750000
v 1.000000 -0.000000 0.625000
v 1.000000 -0.000000 0.250000
v 1.000000 -0.000000 0.125000
v 0.937500 -0.000000 1.000000
v 0.937500 0.500000 1.000000
v 0.875000 0.500000 1.000000
v 0.812500 0.500000 1.000000
v 0.812500 -0.000000 1.000000
v 0.750000 0.500000 1.000000
v 0.687500 0.500000 1.000000
v 0.625000 0.500000 1.000000
v 0.562500 0.500000 1.000000
v 0.562500 -0.000000 1.000000
v 0.500000 0.500000 1.000000
v 0.312500 0.500000 1.000000
v 0.312500 -0.000000 1.000000
v 0.250000 0.500000 1.000000
v 0.187500 0.500000 1.000000
v 0.187500 -0.000000 1.000000
v 0.125000 0.500000 1.000000
v 0.062500 0.500000 1.000000
v 0.062500 -0.000000 1.000000
v 0.000000 0.500000 1.000000
v 0.000000 -0.000000 1.000000
v 0.125000 -0.000000 1.000000
v 0.250000 -0.000000 1.000000
v 0.375000 -0.000000 1.000000
v 0.625000 -0.000000 1.000000
v 0.750000 -0.000000 1.000000
v 0.875000 -0.000000 1.000000
v 0.000000 -0.000000 0.937500
v 0.000000 0.500000 0.937500
v 0.000000 0.500000 0.875000
v 0.000000 0.500000 0.812500
v 0.000000 -0.000000 0.875000
v 0.000000 0.500000 0.750000
v 0.000000 0.500000 0.687500
v 0.000000 0.500000 0.562500
v 0.000000 0.500000 0.500000
v 0.000000 0.500000 0.437500
v 0.000000 -0.000000 0.437500
v 0.000000 0.500000 0.375000
v 0.000000 -0.000000 0.375000
v 0.000000 0.500000 0.250000
v 0.000000 -0.000000 0.187500
v 0.000000 0.500000 0.125000
v 0.000000 -0.000000 0.125000
v 0.000000 0.500000 0.000000
v 0.000000 0.000000 0.000000
v 0.000000 -0.000000 0.062500
v 0.000000 0.500000 0.062500
v 0.000000 -0.000000 0.250000
v 0.000000 -0.000000 0.500000
v 0.000000 -0.000000 0.312500
v 0.000000 0.500000 0.312500
v 0.000000 -0.000000 0.750000
v 0.000000 -0.000000 0.812500
v 0.937500 0.500000 0.000000
v 0.937500 0.000000 0.000000
v 0.875000 0.000000 0.000000
v 0.812500 0.000000 0.000000
v 0.812500 0.500000 0.000000
v 0.750000 0.000000 0.000000
v 0.687500 0.000000 0.000000
v 0.687500 0.500000 0.000000
v 0.625000 0.000000 0.000000
v 0.562500 0.000000 0.000000
v 0.562500 0.500000 0.000000
v 0.500000 0.000000 0.000000
v 0.375000 0.000000 0.000000
v 0.312500 0.000000 0.000000
v 0.312500 0.500000 0.000000
v 0.250000 0.000000 0.000000
v 0.187500 0.000000 0.000000
v 0.187500 0.500000 0.000000
v 0.125000 0.000000 0.000000
v 0.062500 0.000000 0.000000
v 0.062500 0.500000 0.000000
v 0.125000 0.500000 0.000000
v 0.250000 0.500000 0.000000
v 0.375000 0.500000 0.000000
v 0.625000 0.500000 0.000000
v 0.750000 0.500000 0.000000
v 0.937500 0.500000 0.250000
v 0.937500 0.500000 0.312500
v 0.937500 0.500000 0.437500
v 0.937500 0.500000 0.500000
v 0.937500 0.500000 0.375000
v 0.937500 0.500000 0.125000
v 0.937500 0.500000 0.187500
v 0.937500 0.500000 0.812500
v 0.937500 0.500000 0.937500
v 0.937500 0.500000 0.750000
v 0.937500 0.500000 0.875000
v 0.062500 0.500000 0.937500
v 0.187500 0.500000 0.937500
v 0.125000 0.500000 0.937500
v 0.312500 0.500000 0.937500
v 0.250000 0.500000 0.937500
v 0.437500 0.500000 0.937500
v 0.562500 0.500000 0.937500
v 0.500000 0.500000 0.937500
v 0.625000 0.500000 0.937500
v 0.812500 0.500000 0.937500
v 0.875000 0.500000 0.937500
v 0.062500 -0.000000 0.062500
v 0.062500 -0.000000 0.125000
v 0.062500 -0.000000 0.187500
v 0.062500 -0.000000 0.250000
v 0.062500 -0.000000 0.375000
v 0.062500 -0.000000 0.437500
v 0.062500 -0.000000 0.312500
v 0.062500 -0.000000 0.500000
v 0.062500 -0.000000 0.875000
v 0.062500 -0.000000 0.937500
v 0.062500 -0.000000 0.812500
v 0.062500 -0.000000 0.562500
v 0.062500 0.500000 0.562500
v 0.062500 0.500000 0.312500
v 0.062500 0.500000 0.500000
v 0.062500 0.500000 0.625000
v 0.062500 0.500000 0.812500
v 0.062500 0.500000 0.875000
v 0.062500 0.500000 0.687500
v 0.062500 0.500000 0.437500
v 0.062500 0.500000 0.375000
v 0.062500 0.500000 0.250000
v 0.062500 0.500000 0.062500
v 0.375000 0.500000 0.062500
v 0.250000 0.500000 0.062500
v 0.125000 0.500000 0.062500
v 0.187500 0.500000 0.062500
v 0.312500 0.500000 0.062500
v 0.437500 0.500000 0.062500
v 0.500000 0.500000 0.062500
v 0.750000 0.500000 0.062500
v 0.812500 0.500000 0.062500
v 0.687500 0.500000 0.062500
v 0.937500 -0.000000 0.437500
v 0.937500 -0.000000 0.687500
v 0.937500 -0.000000 0.812500
v 0.937500 -0.000000 0.937500
v 0.937500 -0.000000 0.875000
v 0.937500 -0.000000 0.750000
v 0.937500 -0.000000 0.500000
v 0.937500 -0.000000 0.375000
v 0.937500 -0.000000 0.250000
v 0.937500 -0.000000 0.187500
v 0.937500 -0.000000 0.125000
v 0.937500 -0.000000 0.062500
v 0.125000 -0.000000 0.937500
v 0.187500 -0.000000 0.937500
v 0.250000 -0.000000 0.937500
v 0.375000 -0.000000 0.937500
v 0.500000 -0.000000 0.937500
v 0.625000 -0.000000 0.937500
v 0.875000 -0.000000 0.937500
v 0.812500 -0.000000 0.937500
v 0.562500 -0.000000 0.937500
v 0.437500 -0.000000 0.937500
v 0.312500 -0.000000 0.937500
v 0.375000 -0.000000 0.062500
v 0.437500 -0.000000 0.062500
v 0.250000 -0.000000 0.062500
v 0.312500 -0.000000 0.062500
v 0.125000 -0.000000 0.062500
v 0.187500 -0.000000 0.062500
v 0.500000 -0.000000 0.062500
v 0.562500 -0.000000 0.062500
v 0.687500 -0.000000 0.062500
v 0.750000 -0.000000 0.062500
v 0.812500 -0.000000 0.062500
v 0.875000 -0.000000 0.062500
v 0.937500 0.000000 0.000000
v 1.000000 0.000000 0.000000
v 0.937500 -0.000000 0.062500
v 0.875000 -0.000000 0.062500
v 0.875000 0.000000 0.000000
v 1.000000 -0.000000 0.062500
v 0.687500 0.000000 0.000000
v 0.562500 0.000000 0.000000
v 0.625000 0.000000 0.000000
v 0.625000 -0.000000 0.062500
v 0.437500 0.000000 0.000000
v 0.500000 0.000000 0.000000
v 0.500000 -0.000000 0.062500
v 0.312500 0.000000 0.000000
v 0.375000 0.000000 0.000000
v 0.375000 -0.000000 0.062500
v 0.187500 0.000000 0.000000
v 0.250000 0.000000 0.000000
v 0.250000 -0.000000 0.062500
v 0.062500 0.000000 0.000000
v 0.125000 0.000000 0.000000
v 0.125000 -0.000000 0.062500
v 0.062500 -0.000000 0.062500
v 0.187500 -0.000000 0.062500
v 0.312500 -0.000000 0.062500
v 0.437500 -0.000000 0.062500
v 0.562500 -0.000000 0.062500
v 0.687500 -0.000000 0.062500
v 0.812500 -0.000000 0.062500
vt 0.437500 0.000000
vt 0.500000 0.000000
vt 0.437500 1.000000
vt 0.375000 1.000000
vt 0.375000 0.000000
vt 0.312500 0.000000
vt 0.500000 1.000000
vt 0.333342 0.066689
vt 0.400005 0.000026
vt 0.400005 0.066689
vt 0.466668 0.000027
vt 0.333342 0.000026
vt 0.799984 0.000026
vt 0.866647 0.000026
vt 0.799984 0.066689
vt 0.933311 0.000026
vt 0.866648 0.066689
vt 0.733321 0.000026
vt 0.733321 0.066689
vt 0.666658 0.066689
vt 0.187559 0.999906
vt 0.187558 0.000094
vt 0.250046 0.000094
vt 0.562487 0.999905
vt 0.499999 0.999905
vt 0.562486 0.000094
vt 0.499997 0.000095
vt 0.250048 0.999906
vt 0.937500 0.000000
vt 1.000000 0.000000
vt 1.000000 1.000000
vt 0.937500 1.000000
vt 0.875000 1.000000
vt 0.812500 1.000000
vt 0.812500 0.000000
vt 0.750000 1.000000
vt 0.687500 1.000000
vt 0.687500 0.000000
vt 0.625000 1.000000
vt 0.562500 1.000000
vt 0.562500 0.000000
vt 0.312500 1.000000
vt 0.250000 1.000000
vt 0.187500 1.000000
vt 0.187500 0.000000
vt 0.125000 1.000000
vt 0.062500 1.000000
vt 0.062500 0.000000
vt -0.000000 1.000000
vt 0.000000 0.000000
vt 0.125000 0.000000
vt 0.250000 0.000000
vt 0.625000 0.000000
vt 0.750000 0.000000
vt 0.875000 0.000000
vt 0.599994 0.066689
vt 0.533331 0.066689
vt 0.533331 0.000026
vt 0.933311 0.066689
vt 0.999974 0.066689
vt 0.599994 0.000026
vt 0.666658 0.000026
vt 0.133352 0.000026
vt 0.200015 0.000026
vt 0.200015 0.066689
vt 0.266678 0.000026
vt 0.466668 0.066689
vt 0.066689 0.000026
vt 0.066689 0.066689
vt 0.266678 0.066689
vt 0.133352 0.066689
vt 0.000026 0.066689
vt 0.437511 0.000094
vt 0.437511 0.999906
vt 0.375023 0.999906
vt 0.624976 0.000094
vt 0.624975 0.999906
vt 0.687465 0.000094
vt 0.749953 0.000094
vt 0.749951 0.999906
vt 0.812441 0.000094
vt 0.874930 0.000094
vt 0.874927 0.999907
vt 0.812439 0.999906
vt 0.687463 0.999906
vt 0.312535 0.999906
vt 0.312534 0.000094
vt 0.125071 0.999906
vt 0.062583 0.999906
vt 0.062581 0.000094
vt 0.000095 0.999907
vt 0.000094 0.000094
vt 0.125069 0.000094
vt 0.375023 0.000094
vt 0.749949 0.000094
vn 1.000000 0.000000 0.000000
vn 0.000000 0.000000 1.000000
vn -1.000000 0.000000 0.000000
vn 0.000000 0.000000 -1.000000
vn 0.000000 1.000000 0.000000
vn 0.000000 -1.000000 -0.000000
usemtl Material.001
s 1
f 337/13/248 338/14/248 339/15/248
f 340/13/249 341/14/249 342/15/249
f 343/16/250 344/17/250 345/18/250
f 346/15/251 347/19/251 348/13/251
f 349/20/252 350/21/252 351/22/252
f 342/23/252 352/22/252 353/21/252
f 354/20/253 344/24/253 355/21/253
f 356/25/252 357/26/252 358/27/252
f 359/28/252 360/29/252 361/26/252
f 362/30/253 363/31/253 364/32/253
f 365/30/253 366/25/253 367/31/253
f 368/33/248 369/34/248 370/35/248
f 371/36/249 372/37/249 373/38/249
f 374/37/250 375/39/250 376/38/250
f 377/33/251 365/35/251 378/40/251
f 379/31/253 380/30/253 381/25/253
f 382/41/248 383/42/248 384/43/248
f 384/43/248 385/44/248 382/41/248
f 386/45/248 387/46/248 388/47/248
f 389/48/248 390/49/248 363/50/248
f 391/51/248 392/52/248 393/53/248
f 394/19/248 338/14/248 393/53/248
f 350/16/248 395/54/248 396/18/248
f 397/55/248 398/56/248 399/57/248
f 400/58/248 401/59/248 402/60/248
f 403/61/248 404/62/248 402/60/248
f 402/60/248 405/63/248 400/58/248
f 399/57/248 406/64/248 397/55/248
f 396/18/248 407/17/248 350/16/248
f 337/13/248 339/15/248 350/16/248
f 393/53/248 364/65/248 391/51/248
f 363/50/248 408/66/248 389/48/248
f 388/47/248 409/67/248 386/45/248
f 382/41/248 385/44/248 386/45/248
f 387/46/248 389/48/248 408/66/248
f 392/52/248 394/19/248 393/53/248
f 395/54/248 397/55/248 406/64/248
f 401/59/248 403/61/248 402/60/248
f 405/63/248 399/57/248 398/56/248
f 407/17/248 337/13/248 350/16/248
f 364/65/248 363/50/248 390/49/248
f 409/67/248 382/41/248 386/45/248
f 390/49/248 391/51/248 364/65/248
f 398/56/248 400/58/248 405/63/248
f 406/64/248 396/18/248 395/54/248
f 408/66/248 388/47/248 387/46/248
f 339/15/248 338/14/248 394/19/248
f 410/41/249 404/42/249 403/43/249
f 403/43/249 411/44/249 410/41/249
f 412/45/249 413/46/249 414/47/249
f 415/48/249 416/49/249 367/50/249
f 417/51/249 418/52/249 419/53/249
f 420/19/249 341/14/249 419/53/249
f 353/16/249 421/54/249 422/18/249
f 423/55/249 424/56/249 425/57/249
f 426/58/249 427/59/249 428/60/249
f 429/61/249 430/62/249 428/60/249
f 428/60/249 431/63/249 426/58/249
f 425/57/249 432/64/249 423/55/249
f 422/18/249 433/17/249 353/16/249
f 340/13/249 342/15/249 353/16/249
f 419/53/249 434/65/249 417/51/249
